1 3 5 5 8 9 6 9 4 7
5 7 9 4 8 3 1 3 3 1
7 9 6 9 8 4 5 6 8 8
6 7 9 6 8 4 7 1 5 6
6 9 9 4 5 6 1 8 7 6
3 4 5 6 9 2 1 5 6 3
6 6 5 6 2 2 6 6 3 8
3 9 4 5 9 8 9 8 2 2
6 6 5 3 8 6 3 2 9 5
8 2 5 6 1 7 7 9 3 2
8 7 7 8 7 7 2 1 2 7
3 4 9 7 3 5 5 6 3 7
6 6 2 1 2 7 3 1 1 7
3 3 7 2 4 8 1 6 8 2
6 8 4 2 5 7 9 5 1 8
6 7 7 4 4 1 7 3 8 3
4 7 8 6 4 5 9 4 5 7
4 3 5 5 2 8 4 5 5 5
8 1 5 3 3 6 7 9 3 2
8 9 9 8 1 3 4 3 9 4
2 4 7 9 9 3 8 5 9 4
1 7 5 9 9 8 9 8 3 7
3 6 4 8 7 4 9 2 8 4
5 4 5 7 3 5 9 9 2 4
8 8 7 6 9 2 6 1 1 1
6 3 9 5 3 3 6 9 7 1
6 1 6 9 5 6 6 6 6 8
3 4 9 8 2 3 3 4 4 2
9 9 2 6 9 2 8 1 2 7
5 3 5 1 6 1 7 7 5 6
6 4 3 9 1 3 7 2 3 8
1 5 7 1 1 4 9 2 1 8
5 8 4 6 4 8 8 7 8 3
2 1 5 9 1 8 8 9 9 2
2 4 1 8 9 1 2 1 6 4
4 5 6 3 9 2 7 2 1 7
9 7 2 3 6 6 9 8 8 2
7 1 6 1 5 8 7 2 2 9
2 5 1 3 3 4 4 4 9 4
3 4 7 4 3 5 5 6 1 8
4 4 5 9 5 1 1 4 9 2
6 8 4 7 5 7 9 2 8 1
2 4 9 4 5 3 4 2 6 7
9 7 5 3 7 1 9 5 5 7
9 8 8 6 8 6 5 6 7 2
7 1 7 9 2 7 6 1 3 1
7 3 4 4 6 1 5 2 9 2
5 3 4 8 3 1 5 6 5 9
6 1 8 5 3 5 7 9 9 4
9 9 2 4 5 8 4 5 1 7
9 2 5 8 1 4 8 2 1 1
5 9 4 3 1 6 9 9 5 2
2 1 6 2 4 5 4 3 3 1
3 2 3 4 1 2 9 3 4 8
4 6 6 9 8 8 1 5 8 8
3 9 9 5 3 7 8 2 7 8
1 6 9 6 7 2 8 2 4 1
4 5 9 8 8 9 6 2 8 7
8 1 2 5 2 3 7 8 3 8
3 4 7 4 4 7 3 2 1 5
7 9 2 2 7 4 7 5 6 5
3 4 4 9 1 5 3 2 8 3
3 7 5 9 5 1 2 2 5 1
6 6 9 5 6 6 1 2 2 5
5 9 7 5 3 4 8 5 9 3
7 5 9 3 4 9 9 5 3 8
4 7 3 8 5 9 4 1 8 1
9 5 7 3 1 5 4 3 9 3
9 1 8 6 7 1 9 3 4 6
1 7 7 2 5 4 9 7 7 4
7 5 4 4 1 9 4 1 5 5
6 5 9 7 8 5 9 6 5 3
2 1 9 1 5 5 5 6 7 2
8 3 4 2 2 6 4 5 1 4
7 2 5 4 4 5 8 8 3 6
6 7 4 8 7 2 5 2 7 6
3 6 4 1 2 9 4 7 7 1
4 7 2 6 2 3 1 2 8 5
2 1 9 8 7 8 7 2 1 9
5 9 5 3 5 5 8 6 2 5
7 8 9 3 4 3 7 2 9 2
4 2 7 6 4 1 5 4 8 7
2 7 9 7 7 1 8 6 1 3
3 1 8 8 9 1 8 5 7 9
1 6 6 8 9 4 3 1 2 6
4 3 2 4 2 5 6 3 8 2
1 6 4 6 8 9 1 9 1 2
1 9 7 3 1 4 2 5 8 3
9 2 7 4 6 5 8 1 1 5
4 1 5 3 9 7 4 6 5 8
8 7 6 4 7 9 4 4 5 7
3 7 7 6 6 9 7 4 3 3
2 5 7 8 5 3 4 9 8 9
5 4 4 5 7 4 3 5 2 8
2 5 8 7 4 6 3 6 1 1
8 3 5 1 2 5 1 2 3 1
6 9 9 5 7 2 8 2 6 8
3 6 8 9 1 4 1 2 4 5
2 3 4 6 2 6 9 1 4 6
4 4 7 8 7 4 8 6 5 7
[]
[1, 9, 25, 25, 64, 81, 36, 81, 16, 49]
[25, 49, 81, 16, 64, 9, 1, 9, 9, 1]
[49, 81, 36, 81, 64, 16, 25, 36, 64, 64]
[36, 49, 81, 36, 64, 16, 49, 1, 25, 36]
[36, 81, 81, 16, 25, 36, 1, 64, 49, 36]
[9, 16, 25, 36, 81, 4, 1, 25, 36, 9]
[36, 36, 25, 36, 4, 4, 36, 36, 9, 64]
[9, 81, 16, 25, 81, 64, 81, 64, 4, 4]
[36, 36, 25, 9, 64, 36, 9, 4, 81, 25]
[64, 4, 25, 36, 1, 49, 49, 81, 9, 4]
[64, 49, 49, 64, 49, 49, 4, 1, 4, 49]
[9, 16, 81, 49, 9, 25, 25, 36, 9, 49]
[36, 36, 4, 1, 4, 49, 9, 1, 1, 49]
[9, 9, 49, 4, 16, 64, 1, 36, 64, 4]
[36, 64, 16, 4, 25, 49, 81, 25, 1, 64]
[36, 49, 49, 16, 16, 1, 49, 9, 64, 9]
[16, 49, 64, 36, 16, 25, 81, 16, 25, 49]
[16, 9, 25, 25, 4, 64, 16, 25, 25, 25]
[64, 1, 25, 9, 9, 36, 49, 81, 9, 4]
[64, 81, 81, 64, 1, 9, 16, 9, 81, 16]
[4, 16, 49, 81, 81, 9, 64, 25, 81, 16]
[1, 49, 25, 81, 81, 64, 81, 64, 9, 49]
[9, 36, 16, 64, 49, 16, 81, 4, 64, 16]
[25, 16, 25, 49, 9, 25, 81, 81, 4, 16]
[64, 64, 49, 36, 81, 4, 36, 1, 1, 1]
[36, 9, 81, 25, 9, 9, 36, 81, 49, 1]
[36, 1, 36, 81, 25, 36, 36, 36, 36, 64]
[9, 16, 81, 64, 4, 9, 9, 16, 16, 4]
[81, 81, 4, 36, 81, 4, 64, 1, 4, 49]
[25, 9, 25, 1, 36, 1, 49, 49, 25, 36]
[36, 16, 9, 81, 1, 9, 49, 4, 9, 64]
[1, 25, 49, 1, 1, 16, 81, 4, 1, 64]
[25, 64, 16, 36, 16, 64, 64, 49, 64, 9]
[4, 1, 25, 81, 1, 64, 64, 81, 81, 4]
[4, 16, 1, 64, 81, 1, 4, 1, 36, 16]
[16, 25, 36, 9, 81, 4, 49, 4, 1, 49]
[81, 49, 4, 9, 36, 36, 81, 64, 64, 4]
[49, 1, 36, 1, 25, 64, 49, 4, 4, 81]
[4, 25, 1, 9, 9, 16, 16, 16, 81, 16]
[9, 16, 49, 16, 9, 25, 25, 36, 1, 64]
[16, 16, 25, 81, 25, 1, 1, 16, 81, 4]
[36, 64, 16, 49, 25, 49, 81, 4, 64, 1]
[4, 16, 81, 16, 25, 9, 16, 4, 36, 49]
[81, 49, 25, 9, 49, 1, 81, 25, 25, 49]
[81, 64, 64, 36, 64, 36, 25, 36, 49, 4]
[49, 1, 49, 81, 4, 49, 36, 1, 9, 1]
[49, 9, 16, 16, 36, 1, 25, 4, 81, 4]
[25, 9, 16, 64, 9, 1, 25, 36, 25, 81]
[36, 1, 64, 25, 9, 25, 49, 81, 81, 16]
[81, 81, 4, 16, 25, 64, 16, 25, 1, 49]
[81, 4, 25, 64, 1, 16, 64, 4, 1, 1]
[25, 81, 16, 9, 1, 36, 81, 81, 25, 4]
[4, 1, 36, 4, 16, 25, 16, 9, 9, 1]
[9, 4, 9, 16, 1, 4, 81, 9, 16, 64]
[16, 36, 36, 81, 64, 64, 1, 25, 64, 64]
[9, 81, 81, 25, 9, 49, 64, 4, 49, 64]
[1, 36, 81, 36, 49, 4, 64, 4, 16, 1]
[16, 25, 81, 64, 64, 81, 36, 4, 64, 49]
[64, 1, 4, 25, 4, 9, 49, 64, 9, 64]
[9, 16, 49, 16, 16, 49, 9, 4, 1, 25]
[49, 81, 4, 4, 49, 16, 49, 25, 36, 25]
[9, 16, 16, 81, 1, 25, 9, 4, 64, 9]
[9, 49, 25, 81, 25, 1, 4, 4, 25, 1]
[36, 36, 81, 25, 36, 36, 1, 4, 4, 25]
[25, 81, 49, 25, 9, 16, 64, 25, 81, 9]
[49, 25, 81, 9, 16, 81, 81, 25, 9, 64]
[16, 49, 9, 64, 25, 81, 16, 1, 64, 1]
[81, 25, 49, 9, 1, 25, 16, 9, 81, 9]
[81, 1, 64, 36, 49, 1, 81, 9, 16, 36]
[1, 49, 49, 4, 25, 16, 81, 49, 49, 16]
[49, 25, 16, 16, 1, 81, 16, 1, 25, 25]
[36, 25, 81, 49, 64, 25, 81, 36, 25, 9]
[4, 1, 81, 1, 25, 25, 25, 36, 49, 4]
[64, 9, 16, 4, 4, 36, 16, 25, 1, 16]
[49, 4, 25, 16, 16, 25, 64, 64, 9, 36]
[36, 49, 16, 64, 49, 4, 25, 4, 49, 36]
[9, 36, 16, 1, 4, 81, 16, 49, 49, 1]
[16, 49, 4, 36, 4, 9, 1, 4, 64, 25]
[4, 1, 81, 64, 49, 64, 49, 4, 1, 81]
[25, 81, 25, 9, 25, 25, 64, 36, 4, 25]
[49, 64, 81, 9, 16, 9, 49, 4, 81, 4]
[16, 4, 49, 36, 16, 1, 25, 16, 64, 49]
[4, 49, 81, 49, 49, 1, 64, 36, 1, 9]
[9, 1, 64, 64, 81, 1, 64, 25, 49, 81]
[1, 36, 36, 64, 81, 16, 9, 1, 4, 36]
[16, 9, 4, 16, 4, 25, 36, 9, 64, 4]
[1, 36, 16, 36, 64, 81, 1, 81, 1, 4]
[1, 81, 49, 9, 1, 16, 4, 25, 64, 9]
[81, 4, 49, 16, 36, 25, 64, 1, 1, 25]
[16, 1, 25, 9, 81, 49, 16, 36, 25, 64]
[64, 49, 36, 16, 49, 81, 16, 16, 25, 49]
[9, 49, 49, 36, 36, 81, 49, 16, 9, 9]
[4, 25, 49, 64, 25, 9, 16, 81, 64, 81]
[25, 16, 16, 25, 49, 16, 9, 25, 4, 64]
[4, 25, 64, 49, 16, 36, 9, 36, 1, 1]
[64, 9, 25, 1, 4, 25, 1, 4, 9, 1]
[36, 81, 81, 25, 49, 4, 64, 4, 36, 64]
[9, 36, 64, 81, 1, 16, 1, 4, 16, 25]
[4, 9, 16, 36, 4, 36, 81, 1, 16, 36]
[16, 16, 49, 64, 49, 16, 64, 36, 25, 49]
